# Omega_m h0 Omega_b n_s ln(10^{10}A_s) Omeganuh2 Neff w
3.175617e-01 6.665939e-01 4.679423e-02 9.653465e-01 3.147728e+00 6.205809e-03 3.650486e+00 -1.034955e+00
2.667576e-01 7.532846e-01 6.432921e-02 9.667256e-01 3.258879e+00 3.172374e-03 2.443054e+00 -1.258452e+00
3.248752e-01 7.257058e-01 5.600019e-02 9.645826e-01 2.949542e+00 9.117438e-03 2.528683e+00 -1.042552e+00
2.722668e-01 7.588666e-01 4.935360e-02 9.667075e-01 3.272422e+00 8.270992e-03 4.131038e+00 -1.131752e+00
3.099265e-01 7.595981e-01 6.314517e-02 8.941322e-01 3.099730e+00 9.861996e-04 2.305115e+00 -7.619466e-01
3.579502e-01 7.152077e-01 6.370273e-02 9.132689e-01 3.456426e+00 9.813471e-03 2.095711e+00 -4.717563e-01
3.316951e-01 6.240181e-01 5.824999e-02 8.893403e-01 3.693856e+00 3.337618e-04 3.449686e+00 -3.091643e-01
2.975925e-01 7.571893e-01 5.685423e-02 1.018469e+00 3.577925e+00 4.899571e-03 2.415652e+00 -4.186273e-01
2.199611e-01 8.329310e-01 4.241878e-02 1.060027e+00 3.665697e+00 8.036210e-03 3.393742e+00 -1.085885e+00
2.388188e-01 8.414736e-01 6.105342e-02 1.002735e+00 3.579165e+00 5.824666e-03 2.074076e+00 -1.020046e+00
3.633760e-01 5.289609e-01 5.795314e-02 1.009773e+00 3.814964e+00 6.905059e-03 2.686309e+00 -6.619079e-01
2.876212e-01 6.201989e-01 4.437995e-02 1.025890e+00 3.438267e+00 5.001363e-03 2.984525e+00 -1.155685e+00
2.297558e-01 7.953219e-01 3.369764e-02 1.028258e+00 3.386790e+00 7.575386e-03 2.950317e+00 -1.248193e+00
2.918033e-01 5.900383e-01 5.271622e-02 9.943781e-01 3.450671e+00 3.387212e-03 2.189823e+00 -1.103030e+00
2.847283e-01 6.186261e-01 4.312917e-02 1.055566e+00 3.254768e+00 1.440833e-03 2.103847e+00 -1.000253e+00
3.206296e-01 5.519723e-01 3.181837e-02 9.728301e-01 3.856961e+00 8.393677e-03 2.266739e+00 -5.709917e-01
3.389451e-01 6.929236e-01 4.286358e-02 8.773132e-01 3.561126e+00 8.195760e-03 4.058422e+00 -4.813462e-01
3.022822e-01 7.298902e-01 6.137994e-02 9.556378e-01 3.563995e+00 4.625186e-03 4.110830e+00 -7.234500e-01
3.137301e-01 7.280939e-01 6.025312e-02 1.029900e+00 3.019197e+00 8.867119e-03 4.196786e+00 -1.128176e+00
3.767504e-01 5.313377e-01 4.078433e-02 8.919094e-01 3.735260e+00 6.624262e-03 3.921270e+00 -3.889465e-01
3.193346e-01 6.439287e-01 5.093062e-02 9.668075e-01 3.427664e+00 5.564566e-03 3.727298e+00 -9.090875e-01
2.901605e-01 6.592324e-01 4.039230e-02 9.762450e-01 3.238690e+00 8.142633e-03 2.461212e+00 -1.109694e+00
2.599113e-01 7.262823e-01 4.265217e-02 9.520704e-01 3.254896e+00 6.203780e-03 2.638752e+00 -1.388379e+00
3.195895e-01 8.012581e-01 6.404621e-02 8.629794e-01 3.046487e+00 1.355329e-03 3.020528e+00 -7.688970e-01
2.523723e-01 7.285502e-01 5.743734e-02 9.689096e-01 3.530288e+00 1.295627e-03 3.895633e+00 -9.984376e-01
2.143486e-01 8.359043e-01 5.820124e-02 1.026856e+00 3.396395e+00 3.810366e-04 2.424548e+00 -1.069515e+00
2.797841e-01 8.736782e-01 4.878779e-02 9.193581e-01 3.394112e+00 9.912987e-03 3.631489e+00 -8.736283e-01
2.782464e-01 6.457542e-01 3.881562e-02 1.056118e+00 3.441749e+00 2.618169e-03 4.003783e+00 -8.776870e-01
2.604719e-01 8.562938e-01 4.763716e-02 9.218192e-01 3.516090e+00 8.341437e-03 2.915997e+00 -7.319722e-01
2.748314e-01 8.747145e-01 5.124376e-02 9.601554e-01 3.071123e+00 8.454779e-03 3.992466e+00 -1.012620e+00
3.359318e-01 5.289170e-01 6.254694e-02 1.031760e+00 3.840475e+00 1.717700e-03 3.257882e+00 -5.448756e-01
2.696516e-01 7.626934e-01 4.657169e-02 1.030026e+00 3.479313e+00 9.141908e-03 2.397105e+00 -8.521292e-01
2.817505e-01 6.507467e-01 3.562748e-02 1.059339e+00 3.945292e+00 9.239921e-03 3.729863e+00 -6.504094e-01
2.778251e-01 7.777164e-01 5.951818e-02 1.051467e+00 3.522631e+00 6.487607e-03 2.790404e+00 -6.454945e-01
2.759128e-01 7.900393e-01 3.933334e-02 9.548625e-01 3.553365e+00 8.346809e-03 4.219366e+00 -5.516872e-01
2.322250e-01 7.731368e-01 3.431087e-02 1.022522e+00 3.507573e+00 9.675392e-03 4.047581e+00 -1.063509e+00
2.974701e-01 7.818437e-01 6.268430e-02 9.505634e-01 3.449634e+00 5.650200e-03 2.799774e+00 -8.364360e-01
2.631447e-01 6.608244e-01 2.750092e-02 1.012370e+00 3.882620e+00 4.113814e-03 3.606135e+00 -6.115921e-01
3.081750e-01 6.482734e-01 5.727743e-02 9.375520e-01 3.279264e+00 2.456551e-03 3.460909e+00 -1.065944e+00
2.920682e-01 8.793897e-01 5.772609e-02 8.998963e-01 3.451201e+00 5.054645e-03 2.837780e+00 -5.292591e-01
3.011806e-01 6.466109e-01 6.263064e-02 1.043505e+00 3.555370e+00 4.940328e-03 2.261162e+00 -8.688165e-01
2.781325e-01 5.507989e-01 3.838276e-02 1.007026e+00 3.576819e+00 1.533292e-03 3.268722e+00 -9.689092e-01
3.079210e-01 8.516349e-01 6.867153e-02 9.825653e-01 3.017907e+00 9.169705e-03 3.287487e+00 -1.045414e+00
2.667077e-01 8.464948e-01 5.048169e-02 1.003200e+00 3.048963e+00 8.319725e-03 2.858091e+00 -1.098942e+00
3.602584e-01 6.805923e-01 4.885956e-02 8.652552e-01 3.428641e+00 7.109343e-03 2.033726e+00 -4.219347e-01
2.176368e-01 8.953497e-01 5.972451e-02 1.033058e+00 3.434103e+00 4.539734e-03 3.192060e+00 -1.117346e+00
2.899132e-01 7.161885e-01 6.764438e-02 1.010145e+00 3.257602e+00 2.691221e-03 3.889393e+00 -1.207973e+00
3.024024e-01 7.860935e-01 5.944688e-02 1.028846e+00 3.236174e+00 9.435645e-03 2.900139e+00 -9.823758e-01
3.245092e-01 6.226626e-01 4.027574e-02 9.850860e-01 3.506529e+00 6.543681e-03 4.210040e+00 -5.102960e-01
2.626845e-01 7.347131e-01 5.306435e-02 1.066623e+00 3.563546e+00 4.249218e-03 4.012151e+00 -7.599388e-01
3.024445e-01 7.466375e-01 5.357280e-02 1.054146e+00 3.467702e+00 7.278791e-03 3.718722e+00 -8.173878e-01
2.698021e-01 7.782428e-01 5.084986e-02 1.021754e+00 3.315220e+00 5.141693e-03 3.810146e+00 -8.887261e-01
3.079913e-01 7.898185e-01 6.471179e-02 9.778497e-01 3.406721e+00 6.745600e-03 3.765444e+00 -6.767463e-01
2.529353e-01 7.215522e-01 4.114692e-02 9.865556e-01 3.191194e+00 1.957147e-03 3.434981e+00 -1.223123e+00
2.843559e-01 5.243295e-01 3.384802e-02 1.028547e+00 3.603548e+00 3.097150e-03 3.473207e+00 -1.019836e+00
2.892473e-01 8.260512e-01 6.473598e-02 9.970538e-01 3.025177e+00 4.362302e-03 2.207416e+00 -9.121995e-01
2.556100e-01 8.151455e-01 5.071032e-02 9.821603e-01 3.720855e+00 9.117506e-03 3.787747e+00 -7.083732e-01
2.737580e-01 6.575890e-01 4.438634e-02 9.596850e-01 3.769443e+00 3.883527e-03 3.401946e+00 -7.319524e-01
2.428220e-01 7.560855e-01 3.799870e-02 1.051618e+00 3.537404e+00 6.911228e-03 3.876937e+00 -1.140888e+00
3.259443e-01 6.352523e-01 4.732229e-02 9.410920e-01 3.774618e+00 5.455015e-03 2.527667e+00 -5.445162e-01
3.006874e-01 5.975286e-01 5.174814e-02 9.600027e-01 3.552049e+00 7.216554e-04 2.743533e+00 -8.082120e-01
2.854050e-01 7.075911e-01 4.665823e-02 9.017268e-01 3.343191e+00 1.771488e-03 4.139591e+00 -9.628165e-01
2.688489e-01 8.371599e-01 6.743231e-02 1.024284e+00 3.475329e+00 8.406406e-03 4.156492e+00 -8.918251e-01
2.470616e-01 6.988800e-01 4.976267e-02 9.976200e-01 3.778454e+00 1.119150e-04 3.062821e+00 -7.084984e-01
3.314912e-01 5.596179e-01 5.662265e-02 1.011862e+00 3.882496e+00 2.129730e-03 2.935857e+00 -5.990686e-01
2.939836e-01 6.344206e-01 4.010107e-02 9.479711e-01 3.341952e+00 1.847999e-03 3.291020e+00 -9.014472e-01
2.502001e-01 6.536351e-01 3.202661e-02 9.794945e-01 3.374874e+00 3.330918e-03 3.351464e+00 -1.237733e+00
2.669087e-01 6.573432e-01 4.277621e-02 1.012583e+00 3.330119e+00 9.052283e-04 2.486667e+00 -1.090414e+00
3.535754e-01 6.372079e-01 6.417971e-02 9.300516e-01 3.521148e+00 3.578272e-03 3.344353e+00 -4.416978e-01
3.444839e-01 5.478219e-01 3.676542e-02 9.255602e-01 3.670912e+00 6.082287e-03 3.617375e+00 -6.476049e-01
3.277123e-01 6.674074e-01 5.744405e-02 9.970656e-01 3.510912e+00 2.765907e-04 2.657296e+00 -3.805071e-01
2.654326e-01 6.220621e-01 2.621767e-02 1.058952e+00 3.878933e+00 6.107482e-03 3.212237e+00 -7.524417e-01
2.831643e-01 5.193797e-01 2.972762e-02 9.933363e-01 3.818645e+00 4.163843e-03 2.283661e+00 -8.160434e-01
2.820330e-01 6.722131e-01 4.458274e-02 1.014220e+00 3.331743e+00 1.814421e-03 2.130085e+00 -9.896228e-01
3.203123e-01 7.561439e-01 6.800241e-02 9.734120e-01 3.054792e+00 7.409742e-03 2.027086e+00 -1.101615e+00
3.428213e-01 6.008116e-01 6.036827e-02 1.067739e+00 3.579054e+00 8.069222e-03 3.992758e+00 -8.392877e-01
3.190179e-01 6.144112e-01 6.559370e-02 1.022973e+00 3.791276e+00 4.152517e-03 3.365796e+00 -6.617753e-01
3.621394e-01 6.188782e-01 5.647058e-02 9.881467e-01 3.439530e+00 2.831073e-03 3.907819e+00 -4.234498e-01
3.525059e-01 6.028919e-01 6.019807e-02 9.045688e-01 3.505683e+00 6.173571e-04 2.621135e+00 -4.489931e-01
3.681893e-01 5.345984e-01 5.360216e-02 9.583886e-01 3.781699e+00 6.895007e-03 3.946620e+00 -5.165826e-01
2.235446e-01 8.493908e-01 4.999434e-02 9.477336e-01 3.476293e+00 5.198059e-03 2.370858e+00 -9.234430e-01
2.359718e-01 6.862185e-01 2.226292e-02 9.603618e-01 3.425222e+00 4.119102e-03 3.181433e+00 -1.225960e+00
2.859023e-01 7.186684e-01 4.722164e-02 9.856485e-01 3.519058e+00 6.465179e-03 2.004418e+00 -6.595123e-01
3.179169e-01 6.943677e-01 5.972044e-02 1.026374e+00 3.659347e+00 7.111983e-03 3.868928e+00 -5.195435e-01
3.573726e-01 5.900555e-01 6.249641e-02 1.020566e+00 3.508085e+00 5.023992e-03 3.360894e+00 -6.309718e-01
2.857755e-01 7.577833e-01 5.756136e-02 9.920695e-01 3.245815e+00 2.228161e-03 2.364347e+00 -9.462107e-01
2.651134e-01 8.703892e-01 5.440513e-02 9.034279e-01 3.390396e+00 2.452047e-03 2.517030e+00 -5.497816e-01
3.119218e-01 5.640402e-01 6.310660e-02 1.042890e+00 3.677863e+00 5.391812e-03 3.240387e+00 -9.948456e-01
2.686977e-01 7.106842e-01 4.253505e-02 1.020803e+00 3.193280e+00 7.375837e-03 3.604803e+00 -1.145494e+00
2.837396e-01 8.110270e-01 5.873243e-02 1.043444e+00 3.187030e+00 4.560899e-03 3.936958e+00 -9.299626e-01
2.725183e-01 8.623801e-01 5.391258e-02 9.507617e-01 3.637507e+00 6.618113e-03 2.469204e+00 -4.399707e-01
2.270821e-01 8.055079e-01 4.932648e-02 9.391484e-01 3.194075e+00 1.311713e-03 4.087993e+00 -1.114092e+00
2.943039e-01 6.670405e-01 5.505034e-02 9.434065e-01 3.681663e+00 1.836301e-03 2.117139e+00 -8.240017e-01
2.965939e-01 8.380583e-01 5.479175e-02 9.844690e-01 2.991402e+00 9.521434e-03 4.171698e+00 -1.045399e+00
2.982626e-01 8.066807e-01 5.363487e-02 1.036389e+00 3.387269e+00 8.818668e-03 2.436099e+00 -5.077007e-01
3.525849e-01 4.806039e-01 4.011517e-02 1.008398e+00 3.819945e+00 6.502076e-03 3.793313e+00 -6.070091e-01
2.850712e-01 8.343900e-01 4.464510e-02 8.832924e-01 3.029970e+00 7.284897e-03 2.849648e+00 -1.106648e+00
2.239217e-01 8.017369e-01 5.129433e-02 1.002471e+00 3.405576e+00 3.449967e-03 3.316544e+00 -1.188290e+00
2.607425e-01 7.910023e-01 6.183193e-02 1.016569e+00 3.361337e+00 2.919019e-03 2.157095e+00 -1.030894e+00
3.335124e-01 6.093986e-01 6.957968e-02 1.027628e+00 3.781610e+00 3.800421e-03 3.321565e+00 -5.957767e-01
3.207924e-01 6.020219e-01 2.947791e-02 8.554757e-01 3.456163e+00 1.222756e-04 3.523294e+00 -5.436550e-01
2.672782e-01 7.275123e-01 4.170101e-02 9.720900e-01 3.603946e+00 6.661850e-03 3.574110e+00 -7.945709e-01
3.003247e-01 8.484275e-01 6.385902e-02 9.965674e-01 3.537640e+00 6.277010e-03 2.185015e+00 -3.730012e-01
2.556003e-01 6.011485e-01 1.756030e-02 9.724204e-01 3.649756e+00 5.625262e-03 2.232518e+00 -9.417093e-01
2.468291e-01 7.867461e-01 2.826924e-02 9.252924e-01 3.184252e+00 7.521017e-03 3.302557e+00 -1.061368e+00
2.356345e-01 7.466927e-01 3.120141e-02 1.033918e+00 3.846959e+00 8.089682e-03 3.159317e+00 -9.095880e-01
2.848097e-01 8.068906e-01 5.430840e-02 9.665189e-01 3.037617e+00 3.502848e-03 2.831931e+00 -9.666572e-01
3.019024e-01 6.914143e-01 4.090425e-02 1.010080e+00 3.699420e+00 7.629906e-03 3.333151e+00 -4.138385e-01
2.704079e-01 5.851205e-01 2.401817e-02 9.413862e-01 3.502481e+00 3.943101e-03 4.019586e+00 -1.099686e+00
3.019698e-01 7.118177e-01 5.072814e-02 1.002089e+00 3.337908e+00 3.406427e-03 3.756584e+00 -7.344215e-01
2.367784e-01 8.440640e-01 5.069485e-02 9.600012e-01 3.654689e+00 5.473578e-03 2.708673e+00 -6.879169e-01
2.785642e-01 8.998700e-01 5.731787e-02 8.955918e-01 3.255743e+00 7.714865e-03 3.214565e+00 -7.706786e-01
3.263683e-01 6.802173e-01 5.844973e-02 9.638676e-01 3.715226e+00 2.278152e-03 3.832906e+00 -4.338580e-01
3.098913e-01 6.811677e-01 4.108289e-02 9.132036e-01 3.237281e+00 7.492099e-03 3.257470e+00 -8.523320e-01
3.401759e-01 5.889872e-01 4.949059e-02 1.026728e+00 3.454855e+00 8.730907e-03 3.556783e+00 -8.935865e-01
2.694930e-01 8.855939e-01 5.980307e-02 9.160840e-01 3.075838e+00 5.961221e-03 3.868232e+00 -8.819185e-01
3.327117e-01 7.743808e-01 6.842959e-02 9.688471e-01 3.352080e+00 6.597454e-03 2.552152e+00 -6.113940e-01
2.473989e-01 7.548157e-01 4.596017e-02 9.473237e-01 3.391658e+00 6.259667e-03 1.995451e+00 -1.118019e+00
2.794854e-01 7.291160e-01 4.730978e-02 9.499464e-01 3.670024e+00 4.586253e-03 2.217268e+00 -5.476881e-01
3.249395e-01 5.562683e-01 4.409122e-02 9.606852e-01 3.711507e+00 3.535627e-03 2.903392e+00 -4.534870e-01
2.848389e-01 6.045534e-01 3.467877e-02 9.276061e-01 3.496567e+00 2.580635e-03 3.199772e+00 -8.176035e-01
2.600918e-01 6.587421e-01 5.025207e-02 9.937952e-01 3.522129e+00 9.062750e-04 2.752565e+00 -9.436335e-01
